# point x in test set,   mse related to x
1.985850700307419947e+00 1.235933184403711915e-01
-9.399268594236039887e-01 1.747335633797816312e+00
1.168268005314230029e+00 5.473741408778914908e-01
-1.461562958030699910e+00 1.135971497825259524e+00
-1.857855406319139924e+00 2.223669065806191725e+00
-1.842140443470360045e-01 1.317818196427938293e+00
2.519082594019440013e-01 1.194935342157440461e-01
-1.076468818680500039e+00 6.105743904031650515e-02
-1.420950301017130046e+00 1.361236554594808634e+00
7.083833168267960056e-01 7.366676757678507345e-04
-5.837179572687519746e-01 7.186843993360655380e-01
4.188922791658149930e-02 1.958569122628549819e-01
7.788266085629450552e-01 4.766935703404264202e-01
3.811717933789269819e-01 3.143006532441934286e-01
2.444302046351110036e-02 4.919242888144340631e-01
1.105597021111250022e+00 3.288305860807254084e-03
7.408109744212749703e-01 4.435246764801646369e-01
-7.220254381037489733e-01 2.888846211742009396e-01
1.328571529341900037e+00 1.124100741619059457e-01
6.432862486585440021e-01 1.672815724745839797e-02
-3.372103620385829892e+00 2.010172044981436201e+00
-3.228019614445759800e+00 5.859035915408766781e-01
-3.067146429721180123e+00 2.459469249091597920e+00
-3.027259145996989975e+00 8.484991726365771758e-02
-3.807971650572230082e+00 9.893706694647116939e-02
